*** FIRST HEADER ***
4
255
6
127
6
0
146
253
0
4
255
10
27
5
0
0
0
4
30
0
0
79
4
255
6
19
5
0
0
0
0
*** OTHER HEADER ***
4
255
26
27
5
0
0
0
20
34
0
133
32
*** DATA ***
123
232
56
63
135
9
49
63
224
249
203
187
196
106
5
59
*** OTHER HEADER ***
4
255
26
27
5
0
0
0
20
34
0
133
33
*** DATA ***
119
233
56
63
135
8
49
63
178
37
202
187
176
84
6
59
*** OTHER HEADER ***
4
255
26
27
5
0
0
0
20
34
0
133
34
*** DATA ***
169
235
56
63
64
6
49
63
234
27
202
187
216
241
1
59